# chances.M5200
# photon
# CHANCES continuum tophat 5100-5450A -- split of original M5446; covers Mgb blue side
5095.00 0.000000
5100.00 1.000000
5101.00 1.000000
5102.00 1.000000
5103.00 1.000000
5104.00 1.000000
5105.00 1.000000
5106.00 1.000000
5107.00 1.000000
5108.00 1.000000
5109.00 1.000000
5110.00 1.000000
5111.00 1.000000
5112.00 1.000000
5113.00 1.000000
5114.00 1.000000
5115.00 1.000000
5116.00 1.000000
5117.00 1.000000
5118.00 1.000000
5119.00 1.000000
5120.00 1.000000
5121.00 1.000000
5122.00 1.000000
5123.00 1.000000
5124.00 1.000000
5125.00 1.000000
5126.00 1.000000
5127.00 1.000000
5128.00 1.000000
5129.00 1.000000
5130.00 1.000000
5131.00 1.000000
5132.00 1.000000
5133.00 1.000000
5134.00 1.000000
5135.00 1.000000
5136.00 1.000000
5137.00 1.000000
5138.00 1.000000
5139.00 1.000000
5140.00 1.000000
5141.00 1.000000
5142.00 1.000000
5143.00 1.000000
5144.00 1.000000
5145.00 1.000000
5146.00 1.000000
5147.00 1.000000
5148.00 1.000000
5149.00 1.000000
5150.00 1.000000
5151.00 1.000000
5152.00 1.000000
5153.00 1.000000
5154.00 1.000000
5155.00 1.000000
5156.00 1.000000
5157.00 1.000000
5158.00 1.000000
5159.00 1.000000
5160.00 1.000000
5161.00 1.000000
5162.00 1.000000
5163.00 1.000000
5164.00 1.000000
5165.00 1.000000
5166.00 1.000000
5167.00 1.000000
5168.00 1.000000
5169.00 1.000000
5170.00 1.000000
5171.00 1.000000
5172.00 1.000000
5173.00 1.000000
5174.00 1.000000
5175.00 1.000000
5176.00 1.000000
5177.00 1.000000
5178.00 1.000000
5179.00 1.000000
5180.00 1.000000
5181.00 1.000000
5182.00 1.000000
5183.00 1.000000
5184.00 1.000000
5185.00 1.000000
5186.00 1.000000
5187.00 1.000000
5188.00 1.000000
5189.00 1.000000
5190.00 1.000000
5191.00 1.000000
5192.00 1.000000
5193.00 1.000000
5194.00 1.000000
5195.00 1.000000
5196.00 1.000000
5197.00 1.000000
5198.00 1.000000
5199.00 1.000000
5200.00 1.000000
5201.00 1.000000
5202.00 1.000000
5203.00 1.000000
5204.00 1.000000
5205.00 1.000000
5206.00 1.000000
5207.00 1.000000
5208.00 1.000000
5209.00 1.000000
5210.00 1.000000
5211.00 1.000000
5212.00 1.000000
5213.00 1.000000
5214.00 1.000000
5215.00 1.000000
5216.00 1.000000
5217.00 1.000000
5218.00 1.000000
5219.00 1.000000
5220.00 1.000000
5221.00 1.000000
5222.00 1.000000
5223.00 1.000000
5224.00 1.000000
5225.00 1.000000
5226.00 1.000000
5227.00 1.000000
5228.00 1.000000
5229.00 1.000000
5230.00 1.000000
5231.00 1.000000
5232.00 1.000000
5233.00 1.000000
5234.00 1.000000
5235.00 1.000000
5236.00 1.000000
5237.00 1.000000
5238.00 1.000000
5239.00 1.000000
5240.00 1.000000
5241.00 1.000000
5242.00 1.000000
5243.00 1.000000
5244.00 1.000000
5245.00 1.000000
5246.00 1.000000
5247.00 1.000000
5248.00 1.000000
5249.00 1.000000
5250.00 1.000000
5251.00 1.000000
5252.00 1.000000
5253.00 1.000000
5254.00 1.000000
5255.00 1.000000
5256.00 1.000000
5257.00 1.000000
5258.00 1.000000
5259.00 1.000000
5260.00 1.000000
5261.00 1.000000
5262.00 1.000000
5263.00 1.000000
5264.00 1.000000
5265.00 1.000000
5266.00 1.000000
5267.00 1.000000
5268.00 1.000000
5269.00 1.000000
5270.00 1.000000
5271.00 1.000000
5272.00 1.000000
5273.00 1.000000
5274.00 1.000000
5275.00 1.000000
5276.00 1.000000
5277.00 1.000000
5278.00 1.000000
5279.00 1.000000
5280.00 1.000000
5281.00 1.000000
5282.00 1.000000
5283.00 1.000000
5284.00 1.000000
5285.00 1.000000
5286.00 1.000000
5287.00 1.000000
5288.00 1.000000
5289.00 1.000000
5290.00 1.000000
5291.00 1.000000
5292.00 1.000000
5293.00 1.000000
5294.00 1.000000
5295.00 1.000000
5296.00 1.000000
5297.00 1.000000
5298.00 1.000000
5299.00 1.000000
5300.00 1.000000
5301.00 1.000000
5302.00 1.000000
5303.00 1.000000
5304.00 1.000000
5305.00 1.000000
5306.00 1.000000
5307.00 1.000000
5308.00 1.000000
5309.00 1.000000
5310.00 1.000000
5311.00 1.000000
5312.00 1.000000
5313.00 1.000000
5314.00 1.000000
5315.00 1.000000
5316.00 1.000000
5317.00 1.000000
5318.00 1.000000
5319.00 1.000000
5320.00 1.000000
5321.00 1.000000
5322.00 1.000000
5323.00 1.000000
5324.00 1.000000
5325.00 1.000000
5326.00 1.000000
5327.00 1.000000
5328.00 1.000000
5329.00 1.000000
5330.00 1.000000
5331.00 1.000000
5332.00 1.000000
5333.00 1.000000
5334.00 1.000000
5335.00 1.000000
5336.00 1.000000
5337.00 1.000000
5338.00 1.000000
5339.00 1.000000
5340.00 1.000000
5341.00 1.000000
5342.00 1.000000
5343.00 1.000000
5344.00 1.000000
5345.00 1.000000
5346.00 1.000000
5347.00 1.000000
5348.00 1.000000
5349.00 1.000000
5350.00 1.000000
5351.00 1.000000
5352.00 1.000000
5353.00 1.000000
5354.00 1.000000
5355.00 1.000000
5356.00 1.000000
5357.00 1.000000
5358.00 1.000000
5359.00 1.000000
5360.00 1.000000
5361.00 1.000000
5362.00 1.000000
5363.00 1.000000
5364.00 1.000000
5365.00 1.000000
5366.00 1.000000
5367.00 1.000000
5368.00 1.000000
5369.00 1.000000
5370.00 1.000000
5371.00 1.000000
5372.00 1.000000
5373.00 1.000000
5374.00 1.000000
5375.00 1.000000
5376.00 1.000000
5377.00 1.000000
5378.00 1.000000
5379.00 1.000000
5380.00 1.000000
5381.00 1.000000
5382.00 1.000000
5383.00 1.000000
5384.00 1.000000
5385.00 1.000000
5386.00 1.000000
5387.00 1.000000
5388.00 1.000000
5389.00 1.000000
5390.00 1.000000
5391.00 1.000000
5392.00 1.000000
5393.00 1.000000
5394.00 1.000000
5395.00 1.000000
5396.00 1.000000
5397.00 1.000000
5398.00 1.000000
5399.00 1.000000
5400.00 1.000000
5401.00 1.000000
5402.00 1.000000
5403.00 1.000000
5404.00 1.000000
5405.00 1.000000
5406.00 1.000000
5407.00 1.000000
5408.00 1.000000
5409.00 1.000000
5410.00 1.000000
5411.00 1.000000
5412.00 1.000000
5413.00 1.000000
5414.00 1.000000
5415.00 1.000000
5416.00 1.000000
5417.00 1.000000
5418.00 1.000000
5419.00 1.000000
5420.00 1.000000
5421.00 1.000000
5422.00 1.000000
5423.00 1.000000
5424.00 1.000000
5425.00 1.000000
5426.00 1.000000
5427.00 1.000000
5428.00 1.000000
5429.00 1.000000
5430.00 1.000000
5431.00 1.000000
5432.00 1.000000
5433.00 1.000000
5434.00 1.000000
5435.00 1.000000
5436.00 1.000000
5437.00 1.000000
5438.00 1.000000
5439.00 1.000000
5440.00 1.000000
5441.00 1.000000
5442.00 1.000000
5443.00 1.000000
5444.00 1.000000
5445.00 1.000000
5446.00 1.000000
5447.00 1.000000
5448.00 1.000000
5449.00 1.000000
5450.00 1.000000
5455.00 0.000000
