# chances_legacy.DECam_z
# energy
# DECam/Legacy Survey z-band total system throughput (hostphot DECAM curve, airmass 1.4); pivot 9126A
3000.00 0.000000e+00
3010.00 0.000000e+00
3020.00 0.000000e+00
3030.00 0.000000e+00
3040.00 0.000000e+00
3050.00 0.000000e+00
3060.00 0.000000e+00
3070.00 0.000000e+00
3080.00 0.000000e+00
3090.00 0.000000e+00
3100.00 0.000000e+00
3110.00 0.000000e+00
3120.00 0.000000e+00
3130.00 0.000000e+00
3140.00 0.000000e+00
3150.00 0.000000e+00
3160.00 0.000000e+00
3170.00 0.000000e+00
3180.00 0.000000e+00
3190.00 0.000000e+00
3200.00 0.000000e+00
3210.00 0.000000e+00
3220.00 0.000000e+00
3230.00 0.000000e+00
3240.00 0.000000e+00
3250.00 0.000000e+00
3260.00 0.000000e+00
3270.00 0.000000e+00
3280.00 0.000000e+00
3290.00 0.000000e+00
3300.00 0.000000e+00
3310.00 0.000000e+00
3320.00 0.000000e+00
3330.00 0.000000e+00
3340.00 6.501050e-04
3350.00 7.165710e-04
3360.00 7.633820e-04
3370.00 7.906120e-04
3380.00 8.377210e-04
3390.00 8.943520e-04
3400.00 9.218090e-04
3410.00 9.784060e-04
3420.00 1.025670e-03
3430.00 9.521530e-04
3440.00 8.691400e-04
3450.00 7.961800e-04
3460.00 7.227190e-04
3470.00 6.397250e-04
3480.00 5.566240e-04
3490.00 4.735150e-04
3500.00 3.901890e-04
3510.00 2.974650e-04
3520.00 2.138880e-04
3530.00 2.047090e-04
3540.00 1.955190e-04
3550.00 1.863170e-04
3560.00 1.864240e-04
3570.00 1.771710e-04
3580.00 1.679420e-04
3590.00 1.586720e-04
3600.00 1.587610e-04
3610.00 1.495060e-04
3620.00 1.589380e-04
3630.00 1.683800e-04
3640.00 1.778320e-04
3650.00 1.872940e-04
3660.00 1.967640e-04
3670.00 2.062080e-04
3680.00 2.156960e-04
3690.00 2.251940e-04
3700.00 2.346590e-04
3710.00 2.441730e-04
3720.00 2.630470e-04
3730.00 2.819820e-04
3740.00 2.914820e-04
3750.00 3.103930e-04
3760.00 3.293730e-04
3770.00 3.483120e-04
3780.00 3.672630e-04
3790.00 3.768060e-04
3800.00 3.957790e-04
3810.00 4.148320e-04
3820.00 3.867390e-04
3830.00 3.585590e-04
3840.00 3.304130e-04
3850.00 3.021900e-04
3860.00 2.739480e-04
3870.00 2.456880e-04
3880.00 2.174440e-04
3890.00 1.891420e-04
3900.00 1.608210e-04
3910.00 1.230200e-04
3920.00 1.703890e-04
3930.00 2.083180e-04
3940.00 2.462710e-04
3950.00 2.937220e-04
3960.00 3.317250e-04
3970.00 3.792310e-04
3980.00 4.172820e-04
3990.00 4.648430e-04
4000.00 4.270270e-04
4010.00 3.891870e-04
4020.00 3.608190e-04
4030.00 3.229350e-04
4040.00 2.850280e-04
4050.00 2.470980e-04
4060.00 2.091450e-04
4070.00 1.806790e-04
4080.00 1.426830e-04
4090.00 1.046500e-04
4100.00 6.661500e-05
4110.00 6.663450e-05
4120.00 7.617580e-05
4130.00 8.572270e-05
4140.00 8.573510e-05
4150.00 9.528870e-05
4160.00 1.048480e-04
4170.00 1.048630e-04
4180.00 1.144280e-04
4190.00 1.240000e-04
4200.00 1.335570e-04
4210.00 1.335950e-04
4220.00 1.336320e-04
4230.00 1.336510e-04
4240.00 1.432380e-04
4250.00 1.432580e-04
4260.00 1.432980e-04
4270.00 1.433180e-04
4280.00 1.433580e-04
4290.00 1.433780e-04
4300.00 1.434170e-04
4310.00 1.434370e-04
4320.00 1.434760e-04
4330.00 1.339300e-04
4340.00 1.339660e-04
4350.00 1.339850e-04
4360.00 1.340030e-04
4370.00 1.340390e-04
4380.00 1.340570e-04
4390.00 1.340930e-04
4400.00 1.245320e-04
4410.00 1.628720e-04
4420.00 1.916390e-04
4430.00 2.204440e-04
4440.00 2.588170e-04
4450.00 2.876130e-04
4460.00 3.164160e-04
4470.00 3.548640e-04
4480.00 3.836870e-04
4490.00 4.125180e-04
4500.00 4.510110e-04
4510.00 4.414730e-04
4520.00 4.319320e-04
4530.00 4.223890e-04
4540.00 4.032950e-04
4550.00 3.937440e-04
4560.00 3.841900e-04
4570.00 3.746340e-04
4580.00 3.650750e-04
4590.00 3.555140e-04
4600.00 3.651700e-04
4610.00 3.748280e-04
4620.00 3.844880e-04
4630.00 3.941510e-04
4640.00 4.038160e-04
4650.00 4.134840e-04
4660.00 4.231540e-04
4670.00 4.328820e-04
4680.00 4.425580e-04
4690.00 4.521780e-04
4700.00 4.618580e-04
4710.00 4.330470e-04
4720.00 4.042280e-04
4730.00 3.849790e-04
4740.00 3.561060e-04
4750.00 3.272740e-04
4760.00 3.080220e-04
4770.00 2.791450e-04
4780.00 2.503000e-04
4790.00 2.214470e-04
4800.00 2.022410e-04
4810.00 1.926350e-04
4820.00 1.830260e-04
4830.00 1.734150e-04
4840.00 1.638220e-04
4850.00 1.541850e-04
4860.00 1.445660e-04
4870.00 1.349450e-04
4880.00 1.253220e-04
4890.00 1.156960e-04
4900.00 1.060680e-04
4910.00 1.350120e-04
4920.00 1.639640e-04
4930.00 1.928980e-04
4940.00 2.218600e-04
4950.00 2.508290e-04
4960.00 2.797710e-04
4970.00 3.087510e-04
4980.00 3.376960e-04
4990.00 3.666420e-04
5000.00 3.956360e-04
5010.00 4.245850e-04
5020.00 4.535340e-04
5030.00 4.825420e-04
5040.00 5.114940e-04
5050.00 5.404460e-04
5060.00 5.694680e-04
5070.00 5.984970e-04
5080.00 6.274570e-04
5090.00 6.564960e-04
5100.00 6.855430e-04
5110.00 6.663120e-04
5120.00 6.566560e-04
5130.00 6.374190e-04
5140.00 6.181040e-04
5150.00 5.988600e-04
5160.00 5.796120e-04
5170.00 5.602920e-04
5180.00 5.409710e-04
5190.00 5.216510e-04
5200.00 5.023910e-04
5210.00 5.023910e-04
5220.00 5.023910e-04
5230.00 4.927890e-04
5240.00 4.927890e-04
5250.00 4.927890e-04
5260.00 4.831260e-04
5270.00 4.831260e-04
5280.00 4.831260e-04
5290.00 4.734640e-04
5300.00 4.734640e-04
5310.00 4.734640e-04
5320.00 4.735210e-04
5330.00 4.735210e-04
5340.00 4.735210e-04
5350.00 4.735780e-04
5360.00 4.735780e-04
5370.00 4.736340e-04
5380.00 4.736340e-04
5390.00 4.736910e-04
5400.00 4.736910e-04
5410.00 4.736910e-04
5420.00 5.220890e-04
5430.00 5.607620e-04
5440.00 6.091040e-04
5450.00 6.575240e-04
5460.00 7.058710e-04
5470.00 7.445490e-04
5480.00 7.928960e-04
5490.00 8.412440e-04
5500.00 8.896970e-04
5510.00 8.703550e-04
5520.00 8.510140e-04
5530.00 8.316730e-04
5540.00 8.123320e-04
5550.00 7.929910e-04
5560.00 7.736490e-04
5570.00 7.639790e-04
5580.00 7.446370e-04
5590.00 7.252960e-04
5600.00 7.058710e-04
5610.00 6.865320e-04
5620.00 6.671930e-04
5630.00 6.478540e-04
5640.00 6.285150e-04
5650.00 6.091040e-04
5660.00 5.897670e-04
5670.00 5.800990e-04
5680.00 5.509620e-04
5690.00 5.314390e-04
5700.00 5.121140e-04
5710.00 5.025720e-04
5720.00 4.734070e-04
5730.00 4.444760e-04
5740.00 4.154890e-04
5750.00 3.961160e-04
5760.00 3.671760e-04
5770.00 3.382290e-04
5780.00 3.092750e-04
5790.00 2.899800e-04
5800.00 2.610440e-04
5810.00 2.611070e-04
5820.00 2.611690e-04
5830.00 2.612000e-04
5840.00 2.612300e-04
5850.00 2.612610e-04
5860.00 2.612920e-04
5870.00 2.612610e-04
5880.00 2.611690e-04
5890.00 2.513160e-04
5900.00 2.513160e-04
5910.00 2.708090e-04
5920.00 2.804150e-04
5930.00 2.999310e-04
5940.00 3.095700e-04
5950.00 3.191300e-04
5960.00 3.289960e-04
5970.00 3.482660e-04
5980.00 3.580250e-04
5990.00 3.677440e-04
6000.00 3.871450e-04
6010.00 3.968700e-04
6020.00 3.968700e-04
6030.00 3.872360e-04
6040.00 3.872810e-04
6050.00 3.873270e-04
6060.00 3.776430e-04
6070.00 3.776880e-04
6080.00 3.680460e-04
6090.00 3.680460e-04
6100.00 3.680890e-04
6110.00 3.487570e-04
6120.00 3.390690e-04
6130.00 3.197310e-04
6140.00 3.100780e-04
6150.00 2.906980e-04
6160.00 2.810400e-04
6170.00 2.713490e-04
6180.00 2.519960e-04
6190.00 2.423040e-04
6200.00 2.229460e-04
6210.00 2.229460e-04
6220.00 2.326390e-04
6230.00 2.326660e-04
6240.00 2.326660e-04
6250.00 2.326660e-04
6260.00 2.326660e-04
6270.00 2.326120e-04
6280.00 2.320400e-04
6290.00 2.421070e-04
6300.00 2.421360e-04
6310.00 2.519380e-04
6320.00 2.616890e-04
6330.00 2.715060e-04
6340.00 2.812670e-04
6350.00 2.812990e-04
6360.00 2.910660e-04
6370.00 3.008020e-04
6380.00 3.105760e-04
6390.00 3.203180e-04
6400.00 3.300990e-04
6410.00 3.204260e-04
6420.00 3.204620e-04
6430.00 3.107510e-04
6440.00 3.010740e-04
6450.00 2.913620e-04
6460.00 2.815550e-04
6470.00 2.717850e-04
6480.00 2.620190e-04
6490.00 2.621080e-04
6500.00 2.525420e-04
6510.00 2.428560e-04
6520.00 2.330370e-04
6530.00 2.331680e-04
6540.00 2.234530e-04
6550.00 2.137140e-04
6560.00 2.040220e-04
6570.00 1.943290e-04
6580.00 1.943720e-04
6590.00 1.846950e-04
6600.00 1.749930e-04
6610.00 1.653080e-04
6620.00 1.458760e-04
6630.00 1.264260e-04
6640.00 1.167140e-04
6650.00 9.726150e-05
6660.00 8.754500e-05
6670.00 6.809810e-05
6680.00 5.836980e-05
6690.00 3.891750e-05
6700.00 3.892170e-05
6710.00 2.919130e-05
6720.00 2.919450e-05
6730.00 2.919450e-05
6740.00 1.946510e-05
6750.00 1.946510e-05
6760.00 9.733630e-06
6770.00 9.733630e-06
6780.00 9.734690e-06
6790.00 0.000000e+00
6800.00 0.000000e+00
6810.00 0.000000e+00
6820.00 0.000000e+00
6830.00 0.000000e+00
6840.00 0.000000e+00
6850.00 0.000000e+00
6860.00 0.000000e+00
6870.00 0.000000e+00
6880.00 0.000000e+00
6890.00 0.000000e+00
6900.00 0.000000e+00
6910.00 0.000000e+00
6920.00 0.000000e+00
6930.00 0.000000e+00
6940.00 0.000000e+00
6950.00 0.000000e+00
6960.00 0.000000e+00
6970.00 0.000000e+00
6980.00 0.000000e+00
6990.00 0.000000e+00
7000.00 0.000000e+00
7010.00 0.000000e+00
7020.00 0.000000e+00
7030.00 0.000000e+00
7040.00 0.000000e+00
7050.00 0.000000e+00
7060.00 0.000000e+00
7070.00 0.000000e+00
7080.00 0.000000e+00
7090.00 0.000000e+00
7100.00 0.000000e+00
7110.00 0.000000e+00
7120.00 0.000000e+00
7130.00 0.000000e+00
7140.00 0.000000e+00
7150.00 0.000000e+00
7160.00 0.000000e+00
7170.00 0.000000e+00
7180.00 0.000000e+00
7190.00 0.000000e+00
7200.00 0.000000e+00
7210.00 0.000000e+00
7220.00 0.000000e+00
7230.00 0.000000e+00
7240.00 9.705490e-06
7250.00 9.708790e-06
7260.00 9.707690e-06
7270.00 9.710980e-06
7280.00 1.941540e-05
7290.00 1.943070e-05
7300.00 1.942850e-05
7310.00 1.942410e-05
7320.00 2.917520e-05
7330.00 2.920730e-05
7340.00 2.922310e-05
7350.00 3.895990e-05
7360.00 3.894730e-05
7370.00 3.895570e-05
7380.00 3.897260e-05
7390.00 4.872100e-05
7400.00 4.874190e-05
7410.00 1.949890e-05
7420.00 0.000000e+00
7430.00 9.752550e-05
7440.00 1.950720e-04
7450.00 1.853380e-04
7460.00 1.853380e-04
7470.00 1.170560e-04
7480.00 4.877830e-05
7490.00 5.853400e-05
7500.00 6.828960e-05
7510.00 5.854020e-05
7520.00 3.902680e-05
7530.00 4.878350e-05
7540.00 5.854640e-05
7550.00 5.854640e-05
7560.00 4.878860e-05
7570.00 2.927320e-05
7580.00 0.000000e+00
7590.00 1.261430e-04
7600.00 1.003980e-04
7610.00 5.426670e-05
7620.00 2.837130e-05
7630.00 5.609590e-05
7640.00 8.463820e-05
7650.00 7.613140e-05
7660.00 5.780500e-05
7670.00 4.844400e-05
7680.00 3.888740e-05
7690.00 7.794520e-05
7700.00 1.268100e-04
7710.00 2.537550e-04
7720.00 3.806720e-04
7730.00 3.611880e-04
7740.00 3.319030e-04
7750.00 2.343090e-04
7760.00 1.464430e-04
7770.00 2.050200e-04
7780.00 2.538350e-04
7790.00 1.073920e-04
7800.00 2.050200e-04
7810.00 1.074030e-04
7820.00 0.000000e+00
7830.00 0.000000e+00
7840.00 0.000000e+00
7850.00 9.762880e-06
7860.00 9.761850e-06
7870.00 2.244750e-04
7880.00 4.293400e-04
7890.00 3.023610e-04
7900.00 1.852980e-04
7910.00 1.658110e-04
7920.00 1.463190e-04
7930.00 1.365940e-04
7940.00 1.366520e-04
7950.00 1.073460e-04
7960.00 8.776360e-05
7970.00 1.170430e-04
7980.00 1.463810e-04
7990.00 4.781290e-04
8000.00 2.633750e-04
8010.00 5.657680e-04
8020.00 8.681620e-04
8030.00 9.365440e-04
8040.00 1.004940e-03
8050.00 8.783810e-05
8060.00 2.928550e-05
8070.00 1.073800e-03
8080.00 2.098580e-03
8090.00 1.912920e-03
8100.00 1.717540e-03
8110.00 3.843730e-03
8120.00 1.072780e-03
8130.00 4.971140e-04
8140.00 1.227500e-03
8150.00 6.230200e-04
8160.00 6.807550e-04
8170.00 2.479890e-03
8180.00 2.266190e-03
8190.00 2.052900e-03
8200.00 1.772680e-03
8210.00 1.501890e-03
8220.00 1.568650e-03
8230.00 1.603390e-03
8240.00 2.473960e-03
8250.00 3.364990e-03
8260.00 4.183400e-03
8270.00 5.001460e-03
8280.00 3.155760e-03
8290.00 8.428730e-03
8300.00 2.894960e-03
8310.00 6.121990e-03
8320.00 1.335530e-02
8330.00 2.065150e-02
8340.00 5.315710e-03
8350.00 7.884250e-03
8360.00 1.120070e-02
8370.00 1.453750e-02
8380.00 8.704820e-03
8390.00 1.246460e-02
8400.00 1.871150e-02
8410.00 1.874860e-02
8420.00 2.136640e-02
8430.00 3.744460e-02
8440.00 4.022590e-02
8450.00 9.093050e-02
8460.00 8.708230e-02
8470.00 1.802390e-01
8480.00 1.765090e-01
8490.00 3.149750e-01
8500.00 3.109410e-01
8510.00 4.396240e-01
8520.00 4.367820e-01
8530.00 5.020120e-01
8540.00 5.032240e-01
8550.00 5.293080e-01
8560.00 5.262370e-01
8570.00 5.281090e-01
8580.00 5.258520e-01
8590.00 5.243530e-01
8600.00 5.291700e-01
8610.00 5.252810e-01
8620.00 5.308380e-01
8630.00 5.356260e-01
8640.00 5.375900e-01
8650.00 5.395640e-01
8660.00 5.374440e-01
8670.00 5.441770e-01
8680.00 5.423690e-01
8690.00 5.405510e-01
8700.00 5.414010e-01
8710.00 5.430310e-01
8720.00 5.437150e-01
8730.00 5.444090e-01
8740.00 5.426400e-01
8750.00 5.408810e-01
8760.00 5.424150e-01
8770.00 5.439400e-01
8780.00 5.452710e-01
8790.00 5.473920e-01
8800.00 5.481240e-01
8810.00 5.488670e-01
8820.00 5.491800e-01
8830.00 5.495020e-01
8840.00 5.496100e-01
8850.00 5.489180e-01
8860.00 5.488410e-01
8870.00 5.503730e-01
8880.00 5.514680e-01
8890.00 5.523260e-01
8900.00 5.501780e-01
8910.00 5.480300e-01
8920.00 5.458080e-01
8930.00 5.403900e-01
8940.00 5.373710e-01
8950.00 5.206350e-01
8960.00 5.174730e-01
8970.00 5.083800e-01
8980.00 5.048320e-01
8990.00 4.928530e-01
9000.00 4.959420e-01
9010.00 4.900720e-01
9020.00 4.942790e-01
9030.00 5.170060e-01
9040.00 5.300680e-01
9050.00 5.251900e-01
9060.00 5.224470e-01
9070.00 5.080010e-01
9080.00 5.006850e-01
9090.00 4.914630e-01
9100.00 4.968520e-01
9110.00 5.006050e-01
9120.00 4.989710e-01
9130.00 4.832530e-01
9140.00 4.918050e-01
9150.00 4.967110e-01
9160.00 4.978350e-01
9170.00 5.013430e-01
9180.00 5.046380e-01
9190.00 5.166680e-01
9200.00 5.255860e-01
9210.00 5.225810e-01
9220.00 5.217150e-01
9230.00 5.184680e-01
9240.00 5.097160e-01
9250.00 5.072750e-01
9260.00 5.037530e-01
9270.00 4.932900e-01
9280.00 4.800410e-01
9290.00 4.616340e-01
9300.00 4.385190e-01
9310.00 4.134930e-01
9320.00 3.804290e-01
9330.00 3.537730e-01
9340.00 3.248620e-01
9350.00 3.191800e-01
9360.00 3.258640e-01
9370.00 3.191340e-01
9380.00 3.432620e-01
9390.00 4.034520e-01
9400.00 4.066580e-01
9410.00 3.934830e-01
9420.00 3.708940e-01
9430.00 3.343990e-01
9440.00 3.314720e-01
9450.00 3.434950e-01
9460.00 3.453410e-01
9470.00 3.551760e-01
9480.00 3.614630e-01
9490.00 3.605530e-01
9500.00 3.640370e-01
9510.00 3.776700e-01
9520.00 3.639710e-01
9530.00 3.747480e-01
9540.00 3.857590e-01
9550.00 3.768170e-01
9560.00 3.752490e-01
9570.00 4.023940e-01
9580.00 4.043270e-01
9590.00 3.995720e-01
9600.00 3.983070e-01
9610.00 3.938750e-01
9620.00 3.950410e-01
9630.00 4.081120e-01
9640.00 4.075750e-01
9650.00 4.037410e-01
9660.00 4.064520e-01
9670.00 4.154310e-01
9680.00 4.303140e-01
9690.00 4.359460e-01
9700.00 4.356510e-01
9710.00 4.347060e-01
9720.00 4.317990e-01
9730.00 4.262920e-01
9740.00 4.195110e-01
9750.00 4.153510e-01
9760.00 4.185430e-01
9770.00 4.161830e-01
9780.00 4.111040e-01
9790.00 4.085200e-01
9800.00 4.169700e-01
9810.00 4.112650e-01
9820.00 4.049550e-01
9830.00 4.028580e-01
9840.00 4.023800e-01
9850.00 4.000750e-01
9860.00 3.976540e-01
9870.00 3.928680e-01
9880.00 3.888330e-01
9890.00 3.842190e-01
9900.00 3.833690e-01
9910.00 3.788240e-01
9920.00 3.721660e-01
9930.00 3.649600e-01
9940.00 3.486880e-01
9950.00 3.323730e-01
9960.00 2.970700e-01
9970.00 2.617680e-01
9980.00 2.156080e-01
9990.00 1.698260e-01
10000.00 1.804060e-01
10010.00 8.891310e-02
10020.00 6.369770e-02
10030.00 3.891470e-02
10040.00 2.740240e-02
10050.00 1.584870e-02
10060.00 1.070590e-02
10070.00 5.572960e-03
10080.00 4.721370e-03
10090.00 3.869730e-03
10100.00 6.577280e-03
10110.00 1.759700e-03
10120.00 1.515450e-03
10130.00 1.271160e-03
10140.00 1.104930e-03
10150.00 9.387960e-04
10160.00 7.236550e-04
10170.00 5.085150e-04
10180.00 7.432140e-04
10190.00 9.778120e-04
10200.00 6.453560e-04
10210.00 6.258640e-04
10220.00 7.626930e-04
10230.00 8.897170e-04
10240.00 7.429840e-04
10250.00 6.062430e-04
10260.00 1.408190e-03
10270.00 2.210080e-03
10280.00 1.310400e-03
10290.00 4.009850e-04
10300.00 3.912050e-04
10310.00 3.814640e-04
10320.00 3.814640e-04
10330.00 3.716830e-04
10340.00 3.619020e-04
10350.00 3.521210e-04
10360.00 3.423400e-04
10370.00 3.325590e-04
10380.00 3.227780e-04
10390.00 3.129960e-04
10400.00 3.032150e-04
10410.00 2.934340e-04
10420.00 2.738720e-04
10430.00 2.640910e-04
10440.00 2.543100e-04
10450.00 2.445030e-04
10460.00 2.347230e-04
10470.00 2.249430e-04
10480.00 2.053620e-04
10490.00 1.955830e-04
10500.00 1.955830e-04
10510.00 1.857840e-04
10520.00 1.857840e-04
10530.00 1.760060e-04
10540.00 1.759880e-04
10550.00 1.662110e-04
10560.00 1.661940e-04
10570.00 1.564180e-04
10580.00 1.563850e-04
10590.00 1.466110e-04
10600.00 1.466260e-04
10610.00 1.368370e-04
10620.00 1.368230e-04
10630.00 1.270500e-04
10640.00 1.270370e-04
10650.00 1.172530e-04
10660.00 1.172530e-04
10670.00 1.074810e-04
10680.00 1.074590e-04
10690.00 9.769010e-05
10700.00 9.770030e-05
10710.00 8.792110e-05
10720.00 8.792110e-05
10730.00 7.815210e-05
10740.00 6.838310e-05
10750.00 5.862630e-05
10760.00 4.885010e-05
10770.00 3.907600e-05
10780.00 2.930400e-05
10790.00 1.953600e-05
10800.00 9.763900e-06
10810.00 0.000000e+00
10820.00 0.000000e+00
10830.00 0.000000e+00
10840.00 9.761850e-06
10850.00 9.756700e-06
10860.00 9.757730e-06
10870.00 9.763900e-06
10880.00 1.952990e-05
10890.00 1.951550e-05
10900.00 1.951130e-05
10910.00 1.951550e-05
10920.00 1.950720e-05
10930.00 2.923570e-05
10940.00 2.922630e-05
10950.00 2.922940e-05
10960.00 2.922940e-05
10970.00 2.922630e-05
10980.00 0.000000e+00
10990.00 0.000000e+00
11000.00 0.000000e+00
