# chances_legacy.DECam_g
# energy
# DECam/Legacy Survey g-band total system throughput (hostphot DECAM curve, airmass 1.4); pivot 4780A
3000.00 0.000000e+00
3010.00 0.000000e+00
3020.00 0.000000e+00
3030.00 0.000000e+00
3040.00 0.000000e+00
3050.00 0.000000e+00
3060.00 0.000000e+00
3070.00 0.000000e+00
3080.00 0.000000e+00
3090.00 0.000000e+00
3100.00 0.000000e+00
3110.00 0.000000e+00
3120.00 0.000000e+00
3130.00 0.000000e+00
3140.00 0.000000e+00
3150.00 0.000000e+00
3160.00 0.000000e+00
3170.00 0.000000e+00
3180.00 0.000000e+00
3190.00 0.000000e+00
3200.00 0.000000e+00
3210.00 0.000000e+00
3220.00 0.000000e+00
3230.00 0.000000e+00
3240.00 0.000000e+00
3250.00 0.000000e+00
3260.00 0.000000e+00
3270.00 0.000000e+00
3280.00 0.000000e+00
3290.00 0.000000e+00
3300.00 0.000000e+00
3310.00 0.000000e+00
3320.00 0.000000e+00
3330.00 0.000000e+00
3340.00 0.000000e+00
3350.00 0.000000e+00
3360.00 0.000000e+00
3370.00 0.000000e+00
3380.00 0.000000e+00
3390.00 0.000000e+00
3400.00 0.000000e+00
3410.00 0.000000e+00
3420.00 2.310060e-04
3430.00 2.218610e-04
3440.00 2.219080e-04
3450.00 2.129320e-04
3460.00 2.131090e-04
3470.00 2.039700e-04
3480.00 1.948180e-04
3490.00 1.949770e-04
3500.00 1.858040e-04
3510.00 1.859150e-04
3520.00 1.766900e-04
3530.00 1.767940e-04
3540.00 1.768980e-04
3550.00 1.676850e-04
3560.00 1.677820e-04
3570.00 1.678460e-04
3580.00 1.679420e-04
3590.00 1.586720e-04
3600.00 1.587610e-04
3610.00 1.588500e-04
3620.00 1.589380e-04
3630.00 1.590260e-04
3640.00 1.591130e-04
3650.00 1.592000e-04
3660.00 1.592860e-04
3670.00 1.593430e-04
3680.00 1.594280e-04
3690.00 1.595120e-04
3700.00 1.689550e-04
3710.00 1.690430e-04
3720.00 1.597070e-04
3730.00 1.597900e-04
3740.00 1.598450e-04
3750.00 1.693050e-04
3760.00 1.788020e-04
3770.00 1.788630e-04
3780.00 1.977570e-04
3790.00 2.260840e-04
3800.00 2.450060e-04
3810.00 2.734120e-04
3820.00 3.112780e-04
3830.00 3.679950e-04
3840.00 4.153770e-04
3850.00 4.910590e-04
3860.00 5.951290e-04
3870.00 6.898160e-04
3880.00 8.508670e-04
3890.00 1.011910e-03
3900.00 1.267650e-03
3910.00 1.703350e-03
3920.00 2.281320e-03
3930.00 2.963800e-03
3940.00 3.646710e-03
3950.00 1.176780e-02
3960.00 4.186370e-02
3970.00 8.125020e-02
3980.00 1.134720e-01
3990.00 1.176050e-01
4000.00 1.271870e-01
4010.00 1.325420e-01
4020.00 1.400070e-01
4030.00 1.422530e-01
4040.00 1.437020e-01
4050.00 1.451610e-01
4060.00 1.482740e-01
4070.00 1.514190e-01
4080.00 1.538980e-01
4090.00 1.560710e-01
4100.00 1.582390e-01
4110.00 1.599420e-01
4120.00 1.626540e-01
4130.00 1.653970e-01
4140.00 1.674220e-01
4150.00 1.697950e-01
4160.00 1.749430e-01
4170.00 1.776090e-01
4180.00 1.795000e-01
4190.00 1.813920e-01
4200.00 1.819710e-01
4210.00 1.829100e-01
4220.00 1.856250e-01
4230.00 1.879900e-01
4240.00 1.928170e-01
4250.00 1.946400e-01
4260.00 1.974170e-01
4270.00 1.998140e-01
4280.00 2.029470e-01
4290.00 2.056990e-01
4300.00 2.099250e-01
4310.00 2.114450e-01
4320.00 2.142870e-01
4330.00 2.147370e-01
4340.00 2.179920e-01
4350.00 2.207680e-01
4360.00 2.227510e-01
4370.00 2.233190e-01
4380.00 2.287210e-01
4390.00 2.328050e-01
4400.00 2.331050e-01
4410.00 2.375530e-01
4420.00 2.386010e-01
4430.00 2.409070e-01
4440.00 2.421760e-01
4450.00 2.440590e-01
4460.00 2.459800e-01
4470.00 2.481550e-01
4480.00 2.499630e-01
4490.00 2.513000e-01
4500.00 2.519130e-01
4510.00 2.550560e-01
4520.00 2.561840e-01
4530.00 2.591550e-01
4540.00 2.610090e-01
4550.00 2.634430e-01
4560.00 2.628440e-01
4570.00 2.655000e-01
4580.00 2.657650e-01
4590.00 2.673750e-01
4600.00 2.698120e-01
4610.00 2.708850e-01
4620.00 2.736690e-01
4630.00 2.757810e-01
4640.00 2.777870e-01
4650.00 2.786880e-01
4660.00 2.798590e-01
4670.00 2.816040e-01
4680.00 2.815530e-01
4690.00 2.814860e-01
4700.00 2.830800e-01
4710.00 2.872740e-01
4720.00 2.862420e-01
4730.00 2.876470e-01
4740.00 2.893600e-01
4750.00 2.909650e-01
4760.00 2.933720e-01
4770.00 2.940650e-01
4780.00 2.944970e-01
4790.00 2.948610e-01
4800.00 2.959850e-01
4810.00 2.987000e-01
4820.00 2.995370e-01
4830.00 3.013850e-01
4840.00 3.026940e-01
4850.00 3.021640e-01
4860.00 3.016430e-01
4870.00 3.035310e-01
4880.00 3.056120e-01
4890.00 3.075980e-01
4900.00 3.083390e-01
4910.00 3.111260e-01
4920.00 3.119070e-01
4930.00 3.119170e-01
4940.00 3.116750e-01
4950.00 3.116850e-01
4960.00 3.138550e-01
4970.00 3.149450e-01
4980.00 3.172030e-01
4990.00 3.190940e-01
5000.00 3.186510e-01
5010.00 3.204550e-01
5020.00 3.210630e-01
5030.00 3.229750e-01
5040.00 3.236310e-01
5050.00 3.244610e-01
5060.00 3.248090e-01
5070.00 3.262290e-01
5080.00 3.279960e-01
5090.00 3.287790e-01
5100.00 3.308950e-01
5110.00 3.309540e-01
5120.00 3.298440e-01
5130.00 3.303570e-01
5140.00 3.313040e-01
5150.00 3.340090e-01
5160.00 3.350640e-01
5170.00 3.362430e-01
5180.00 3.365030e-01
5190.00 3.374210e-01
5200.00 3.383700e-01
5210.00 3.400610e-01
5220.00 3.420900e-01
5230.00 3.443440e-01
5240.00 3.463340e-01
5250.00 3.470970e-01
5260.00 3.482960e-01
5270.00 3.476290e-01
5280.00 3.481800e-01
5290.00 3.481310e-01
5300.00 3.484890e-01
5310.00 3.489820e-01
5320.00 3.510910e-01
5330.00 3.513910e-01
5340.00 3.532080e-01
5350.00 3.547770e-01
5360.00 3.564010e-01
5370.00 3.567340e-01
5380.00 3.561830e-01
5390.00 3.528510e-01
5400.00 3.525320e-01
5410.00 3.503570e-01
5420.00 3.551560e-01
5430.00 3.592750e-01
5440.00 3.635960e-01
5450.00 3.121010e-01
5460.00 3.142090e-01
5470.00 2.345230e-01
5480.00 1.351890e-01
5490.00 6.073390e-02
5500.00 6.272360e-02
5510.00 1.213660e-02
5520.00 5.812040e-03
5530.00 3.065590e-03
5540.00 1.595650e-03
5550.00 2.939870e-03
5560.00 5.705660e-04
5570.00 4.061660e-04
5580.00 3.094600e-04
5590.00 3.674830e-04
5600.00 2.223980e-04
5610.00 1.933890e-04
5620.00 1.837200e-04
5630.00 1.547110e-04
5640.00 2.417370e-04
5650.00 1.353560e-04
5660.00 1.256880e-04
5670.00 1.160200e-04
5680.00 1.159920e-04
5690.00 1.062880e-04
5700.00 1.062880e-04
5710.00 1.643020e-04
5720.00 9.661370e-05
5730.00 8.696280e-05
5740.00 8.696280e-05
5750.00 9.661370e-05
5760.00 8.696280e-05
5770.00 8.697320e-05
5780.00 8.698360e-05
5790.00 8.699400e-05
5800.00 8.701480e-05
5810.00 7.736490e-05
5820.00 7.738330e-05
5830.00 7.739250e-05
5840.00 7.740160e-05
5850.00 7.741080e-05
5860.00 7.741990e-05
5870.00 7.741080e-05
5880.00 6.771040e-05
5890.00 6.766200e-05
5900.00 6.766200e-05
5910.00 6.770240e-05
5920.00 6.768630e-05
5930.00 6.772640e-05
5940.00 6.771840e-05
5950.00 6.769430e-05
5960.00 6.773440e-05
5970.00 6.771840e-05
5980.00 6.773440e-05
5990.00 5.806490e-05
6000.00 5.807170e-05
6010.00 5.807860e-05
6020.00 5.807860e-05
6030.00 4.840450e-05
6040.00 4.841020e-05
6050.00 3.873270e-05
6060.00 2.904950e-05
6070.00 2.905290e-05
6080.00 1.937090e-05
6090.00 1.937090e-05
6100.00 9.686550e-06
6110.00 9.687680e-06
6120.00 9.687680e-06
6130.00 9.688810e-06
6140.00 9.689930e-06
6150.00 9.689930e-06
6160.00 9.691050e-06
6170.00 9.691050e-06
6180.00 9.692170e-06
6190.00 9.692170e-06
6200.00 9.693290e-06
6210.00 9.693290e-06
6220.00 9.693290e-06
6230.00 9.694410e-06
6240.00 9.694410e-06
6250.00 9.694410e-06
6260.00 9.694410e-06
6270.00 9.692170e-06
6280.00 9.668310e-06
6290.00 9.684300e-06
6300.00 9.685430e-06
6310.00 9.689930e-06
6320.00 9.692170e-06
6330.00 9.696640e-06
6340.00 9.698860e-06
6350.00 9.699970e-06
6360.00 9.702180e-06
6370.00 9.703290e-06
6380.00 9.705490e-06
6390.00 9.706590e-06
6400.00 9.708790e-06
6410.00 9.709890e-06
6420.00 9.710980e-06
6430.00 9.710980e-06
6440.00 9.712070e-06
6450.00 9.712070e-06
6460.00 9.708790e-06
6470.00 9.706590e-06
6480.00 9.704390e-06
6490.00 9.707690e-06
6500.00 9.713170e-06
6510.00 9.714260e-06
6520.00 9.709890e-06
6530.00 9.715340e-06
6540.00 9.715340e-06
6550.00 9.714260e-06
6560.00 9.715340e-06
6570.00 9.716430e-06
6580.00 9.718600e-06
6590.00 9.720760e-06
6600.00 9.721850e-06
6610.00 9.724000e-06
6620.00 9.725080e-06
6630.00 9.725080e-06
6640.00 9.726150e-06
6650.00 9.726150e-06
6660.00 9.727220e-06
6670.00 9.728290e-06
6680.00 9.728290e-06
6690.00 9.729360e-06
6700.00 9.730430e-06
6710.00 9.730430e-06
6720.00 9.731500e-06
6730.00 9.731500e-06
6740.00 9.732560e-06
6750.00 9.732560e-06
6760.00 9.733630e-06
6770.00 9.733630e-06
6780.00 9.734690e-06
6790.00 9.734690e-06
6800.00 9.735750e-06
6810.00 9.735750e-06
6820.00 1.947150e-05
6830.00 1.947360e-05
6840.00 1.947360e-05
6850.00 2.921040e-05
6860.00 2.920410e-05
6870.00 2.888440e-05
6880.00 2.898760e-05
6890.00 2.895950e-05
6900.00 2.901180e-05
6910.00 2.908660e-05
6920.00 2.913290e-05
6930.00 2.914600e-05
6940.00 2.914280e-05
6950.00 2.916230e-05
6960.00 1.944800e-05
6970.00 1.947150e-05
6980.00 1.946730e-05
6990.00 1.944800e-05
7000.00 1.945230e-05
7010.00 1.944800e-05
7020.00 1.945230e-05
7030.00 1.946940e-05
7040.00 1.947150e-05
7050.00 1.946300e-05
7060.00 1.946510e-05
7070.00 1.946940e-05
7080.00 2.920730e-05
7090.00 2.921680e-05
7100.00 2.920730e-05
7110.00 2.921680e-05
7120.00 2.922630e-05
7130.00 2.922000e-05
7140.00 2.921680e-05
7150.00 2.921040e-05
7160.00 2.920090e-05
7170.00 2.913290e-05
7180.00 2.909320e-05
7190.00 2.907650e-05
7200.00 2.905290e-05
7210.00 2.915580e-05
7220.00 3.892170e-05
7230.00 3.889600e-05
7240.00 3.882200e-05
7250.00 4.854400e-05
7260.00 4.853850e-05
7270.00 4.855490e-05
7280.00 5.824620e-05
7290.00 5.829210e-05
7300.00 5.828550e-05
7310.00 6.798450e-05
7320.00 6.807550e-05
7330.00 6.815030e-05
7340.00 6.818730e-05
7350.00 5.843990e-05
7360.00 5.842090e-05
7370.00 5.843360e-05
7380.00 5.845890e-05
7390.00 5.846520e-05
7400.00 5.849030e-05
7410.00 5.849660e-05
7420.00 6.825330e-05
7430.00 6.826790e-05
7440.00 6.827510e-05
7450.00 6.828240e-05
7460.00 6.828240e-05
7470.00 7.803700e-05
7480.00 7.804530e-05
7490.00 7.804530e-05
7500.00 8.780100e-05
7510.00 8.781030e-05
7520.00 9.756700e-05
7530.00 1.073240e-04
7540.00 1.073350e-04
7550.00 1.170930e-04
7560.00 1.268500e-04
7570.00 1.268500e-04
7580.00 1.365940e-04
7590.00 1.358460e-04
7600.00 6.388940e-05
7610.00 5.426670e-05
7620.00 1.134850e-04
7630.00 9.349310e-05
7640.00 1.128510e-04
7650.00 1.332300e-04
7660.00 1.734150e-04
7670.00 1.937760e-04
7680.00 2.138810e-04
7690.00 2.338350e-04
7700.00 2.438660e-04
7710.00 2.635140e-04
7720.00 2.733030e-04
7730.00 2.928550e-04
7740.00 3.026170e-04
7750.00 3.221750e-04
7760.00 3.319380e-04
7770.00 3.417010e-04
7780.00 3.612260e-04
7790.00 3.709890e-04
7800.00 3.905150e-04
7810.00 4.100840e-04
7820.00 4.393760e-04
7830.00 4.589030e-04
7840.00 4.881950e-04
7850.00 5.076700e-04
7860.00 5.369020e-04
7870.00 5.563080e-04
7880.00 5.757060e-04
7890.00 5.949690e-04
7900.00 6.241630e-04
7910.00 6.632440e-04
7920.00 6.925780e-04
7930.00 7.317520e-04
7940.00 7.711050e-04
7950.00 8.099770e-04
7960.00 8.386300e-04
7970.00 8.680690e-04
7980.00 9.173240e-04
7990.00 9.465000e-04
8000.00 9.461990e-04
8010.00 9.461990e-04
8020.00 9.461990e-04
8030.00 9.462990e-04
8040.00 9.464000e-04
8050.00 9.467000e-04
8060.00 9.566610e-04
8070.00 9.664230e-04
8080.00 9.663210e-04
8090.00 9.662190e-04
8100.00 9.661170e-04
8110.00 9.658110e-04
8120.00 9.655030e-04
8130.00 9.649870e-04
8140.00 9.644670e-04
8150.00 9.540000e-04
8160.00 9.433320e-04
8170.00 9.530570e-04
8180.00 9.531630e-04
8190.00 9.632070e-04
8200.00 9.739990e-04
8210.00 9.752550e-04
8220.00 9.548280e-04
8230.00 9.134470e-04
8240.00 9.252990e-04
8250.00 9.363450e-04
8260.00 9.263940e-04
8270.00 9.066970e-04
8280.00 8.863390e-04
8290.00 8.769780e-04
8300.00 8.772610e-04
8310.00 8.676060e-04
8320.00 8.481090e-04
8330.00 8.385400e-04
8340.00 8.290550e-04
8350.00 8.196490e-04
8360.00 8.000490e-04
8370.00 7.902920e-04
8380.00 7.709420e-04
8390.00 7.613440e-04
8400.00 7.418220e-04
8410.00 7.319840e-04
8420.00 7.223010e-04
8430.00 7.225290e-04
8440.00 7.226800e-04
8450.00 7.227560e-04
8460.00 7.129890e-04
8470.00 7.130630e-04
8480.00 7.032220e-04
8490.00 7.032220e-04
8500.00 6.934550e-04
8510.00 6.933820e-04
8520.00 6.933820e-04
8530.00 6.934550e-04
8540.00 6.934550e-04
8550.00 6.935270e-04
8560.00 6.936000e-04
8570.00 6.936720e-04
8580.00 6.936720e-04
8590.00 6.937440e-04
8600.00 6.937440e-04
8610.00 6.937440e-04
8620.00 6.840440e-04
8630.00 6.840440e-04
8640.00 6.742720e-04
8650.00 6.645000e-04
8660.00 6.645000e-04
8670.00 6.547280e-04
8680.00 6.547280e-04
8690.00 6.449560e-04
8700.00 6.449560e-04
8710.00 6.352500e-04
8720.00 6.352500e-04
8730.00 6.352500e-04
8740.00 6.254770e-04
8750.00 6.254770e-04
8760.00 6.254770e-04
8770.00 6.157040e-04
8780.00 6.156400e-04
8790.00 6.156400e-04
8800.00 6.058680e-04
8810.00 6.058680e-04
8820.00 6.058680e-04
8830.00 5.960960e-04
8840.00 5.960960e-04
8850.00 5.862630e-04
8860.00 5.862020e-04
8870.00 5.862630e-04
8880.00 5.764920e-04
8890.00 5.863230e-04
8900.00 5.862630e-04
8910.00 5.862020e-04
8920.00 5.860180e-04
8930.00 5.855880e-04
8940.00 5.853400e-04
8950.00 5.748460e-04
8960.00 5.741590e-04
8970.00 5.636790e-04
8980.00 5.633640e-04
8990.00 5.526450e-04
9000.00 5.528350e-04
9010.00 5.525810e-04
9020.00 5.525810e-04
9030.00 5.834400e-04
9040.00 6.039450e-04
9050.00 6.038790e-04
9060.00 5.934910e-04
9070.00 5.826590e-04
9080.00 5.721670e-04
9090.00 5.721670e-04
9100.00 5.819980e-04
9110.00 5.825270e-04
9120.00 5.822640e-04
9130.00 5.618200e-04
9140.00 5.720360e-04
9150.00 5.724940e-04
9160.00 5.725590e-04
9170.00 5.728190e-04
9180.00 5.827900e-04
9190.00 5.934910e-04
9200.00 5.942680e-04
9210.00 5.843360e-04
9220.00 5.843360e-04
9230.00 5.744090e-04
9240.00 5.641790e-04
9250.00 5.544520e-04
9260.00 5.447250e-04
9270.00 5.344630e-04
9280.00 5.239780e-04
9290.00 4.937260e-04
9300.00 4.728330e-04
9310.00 4.422180e-04
9320.00 4.015680e-04
9330.00 3.711410e-04
9340.00 3.407240e-04
9350.00 3.310510e-04
9360.00 3.413080e-04
9370.00 3.316220e-04
9380.00 3.622010e-04
9390.00 4.245850e-04
9400.00 4.349180e-04
9410.00 4.343400e-04
9420.00 4.135900e-04
9430.00 3.726270e-04
9440.00 3.724190e-04
9450.00 3.829690e-04
9460.00 3.830210e-04
9470.00 3.934350e-04
9480.00 4.035040e-04
9490.00 4.034000e-04
9500.00 4.035570e-04
9510.00 4.238500e-04
9520.00 4.130580e-04
9530.00 4.234770e-04
9540.00 4.339680e-04
9550.00 4.235840e-04
9560.00 4.234230e-04
9570.00 4.641900e-04
9580.00 4.644100e-04
9590.00 4.640790e-04
9600.00 4.639680e-04
9610.00 4.540840e-04
9620.00 4.542480e-04
9630.00 4.747510e-04
9640.00 4.749160e-04
9650.00 4.651170e-04
9660.00 4.651700e-04
9670.00 4.756770e-04
9680.00 4.964150e-04
9690.00 4.969540e-04
9700.00 4.970070e-04
9710.00 4.970070e-04
9720.00 4.871050e-04
9730.00 4.867350e-04
9740.00 4.765290e-04
9750.00 4.665450e-04
9760.00 4.669070e-04
9770.00 4.772080e-04
9780.00 4.771560e-04
9790.00 4.773110e-04
9800.00 4.778750e-04
9810.00 4.779770e-04
9820.00 4.681220e-04
9830.00 4.683710e-04
9840.00 4.686670e-04
9850.00 4.590480e-04
9860.00 4.592870e-04
9870.00 4.593340e-04
9880.00 4.496080e-04
9890.00 4.496080e-04
9900.00 4.398790e-04
9910.00 4.399250e-04
9920.00 4.301930e-04
9930.00 4.204160e-04
9940.00 4.204590e-04
9950.00 4.107230e-04
9960.00 4.009440e-04
9970.00 4.009440e-04
9980.00 3.911250e-04
9990.00 3.813470e-04
10000.00 3.813470e-04
10010.00 3.715300e-04
10020.00 3.616410e-04
10030.00 3.616790e-04
10040.00 3.519400e-04
10050.00 3.421990e-04
10060.00 3.421990e-04
10070.00 3.324220e-04
10080.00 3.225780e-04
10090.00 3.224780e-04
10100.00 3.127380e-04
10110.00 3.128350e-04
10120.00 3.030910e-04
10130.00 2.933440e-04
10140.00 2.933440e-04
10150.00 2.835950e-04
10160.00 2.738160e-04
10170.00 2.738160e-04
10180.00 2.640360e-04
10190.00 2.542310e-04
10200.00 2.542310e-04
10210.00 2.444780e-04
10220.00 2.346750e-04
10230.00 2.346510e-04
10240.00 2.248500e-04
10250.00 2.151190e-04
10260.00 2.053620e-04
10270.00 2.053620e-04
10280.00 1.955830e-04
10290.00 1.858230e-04
10300.00 1.858230e-04
10310.00 1.760600e-04
10320.00 1.662790e-04
10330.00 1.662790e-04
10340.00 1.564980e-04
10350.00 1.467170e-04
10360.00 1.369360e-04
10370.00 1.369360e-04
10380.00 1.271550e-04
10390.00 1.173740e-04
10400.00 1.173740e-04
10410.00 1.173740e-04
10420.00 1.075930e-04
10430.00 1.075930e-04
10440.00 1.075930e-04
10450.00 9.780130e-05
10460.00 9.780130e-05
10470.00 9.780130e-05
10480.00 8.801220e-05
10490.00 8.801220e-05
10500.00 8.801220e-05
10510.00 8.800310e-05
10520.00 7.822500e-05
10530.00 7.822500e-05
10540.00 7.821690e-05
10550.00 7.821690e-05
10560.00 7.820880e-05
10570.00 7.820880e-05
10580.00 7.819270e-05
10590.00 7.819270e-05
10600.00 7.820080e-05
10610.00 6.841860e-05
10620.00 6.841150e-05
10630.00 6.841150e-05
10640.00 6.840440e-05
10650.00 6.839730e-05
10660.00 6.839730e-05
10670.00 6.839730e-05
10680.00 6.838310e-05
10690.00 5.861400e-05
10700.00 5.862020e-05
10710.00 5.861400e-05
10720.00 5.861400e-05
10730.00 5.861400e-05
10740.00 5.861400e-05
10750.00 5.862630e-05
10760.00 5.862020e-05
10770.00 5.861400e-05
10780.00 4.883990e-05
10790.00 4.883990e-05
10800.00 4.881950e-05
10810.00 4.881950e-05
10820.00 4.882970e-05
10830.00 4.881950e-05
10840.00 4.880920e-05
10850.00 4.878350e-05
10860.00 4.878860e-05
10870.00 4.881950e-05
10880.00 4.882460e-05
10890.00 3.903090e-05
10900.00 3.902260e-05
10910.00 3.903090e-05
10920.00 3.901440e-05
10930.00 3.898100e-05
10940.00 3.896840e-05
10950.00 3.897260e-05
10960.00 3.897260e-05
10970.00 3.896840e-05
10980.00 0.000000e+00
10990.00 0.000000e+00
11000.00 0.000000e+00
