# chances_legacy.DECam_r
# energy
# DECam/Legacy Survey r-band total system throughput (hostphot DECAM curve, airmass 1.4); pivot 6393A
3000.00 0.000000e+00
3010.00 0.000000e+00
3020.00 0.000000e+00
3030.00 0.000000e+00
3040.00 0.000000e+00
3050.00 0.000000e+00
3060.00 0.000000e+00
3070.00 0.000000e+00
3080.00 0.000000e+00
3090.00 0.000000e+00
3100.00 0.000000e+00
3110.00 0.000000e+00
3120.00 0.000000e+00
3130.00 0.000000e+00
3140.00 0.000000e+00
3150.00 0.000000e+00
3160.00 0.000000e+00
3170.00 0.000000e+00
3180.00 0.000000e+00
3190.00 0.000000e+00
3200.00 0.000000e+00
3210.00 0.000000e+00
3220.00 0.000000e+00
3230.00 0.000000e+00
3240.00 0.000000e+00
3250.00 0.000000e+00
3260.00 0.000000e+00
3270.00 0.000000e+00
3280.00 0.000000e+00
3290.00 0.000000e+00
3300.00 0.000000e+00
3310.00 0.000000e+00
3320.00 0.000000e+00
3330.00 0.000000e+00
3340.00 2.930050e-04
3350.00 2.847910e-04
3360.00 2.759210e-04
3370.00 2.574090e-04
3380.00 2.485550e-04
3390.00 2.397230e-04
3400.00 2.212340e-04
3410.00 2.122960e-04
3420.00 1.848050e-04
3430.00 1.848840e-04
3440.00 1.849230e-04
3450.00 1.851580e-04
3460.00 1.853130e-04
3470.00 1.854270e-04
3480.00 1.855410e-04
3490.00 1.764080e-04
3500.00 1.765140e-04
3510.00 1.766200e-04
3520.00 1.766900e-04
3530.00 1.767940e-04
3540.00 1.675870e-04
3550.00 1.676850e-04
3560.00 1.677820e-04
3570.00 1.585210e-04
3580.00 1.586120e-04
3590.00 1.493380e-04
3600.00 1.494220e-04
3610.00 1.495060e-04
3620.00 1.402400e-04
3630.00 1.403170e-04
3640.00 1.403940e-04
3650.00 1.404700e-04
3660.00 1.405460e-04
3670.00 1.312230e-04
3680.00 1.312930e-04
3690.00 1.313630e-04
3700.00 1.314090e-04
3710.00 1.314780e-04
3720.00 1.315240e-04
3730.00 1.315920e-04
3740.00 1.316370e-04
3750.00 1.316820e-04
3760.00 1.317490e-04
3770.00 1.317940e-04
3780.00 1.318380e-04
3790.00 1.318820e-04
3800.00 1.319260e-04
3810.00 1.319920e-04
3820.00 1.509230e-04
3830.00 1.698440e-04
3840.00 1.888080e-04
3850.00 2.077560e-04
3860.00 2.267160e-04
3870.00 2.456880e-04
3880.00 2.647140e-04
3890.00 2.837130e-04
3900.00 3.027230e-04
3910.00 3.217450e-04
3920.00 3.123800e-04
3930.00 3.124780e-04
3940.00 3.125750e-04
3950.00 3.126720e-04
3960.00 3.127690e-04
3970.00 3.128660e-04
3980.00 3.129620e-04
3990.00 3.130570e-04
4000.00 3.036630e-04
4010.00 3.227400e-04
4020.00 3.323330e-04
4030.00 3.324330e-04
4040.00 3.325330e-04
4050.00 3.326320e-04
4060.00 3.422380e-04
4070.00 3.423390e-04
4080.00 3.424400e-04
4090.00 3.424910e-04
4100.00 3.521080e-04
4110.00 3.522110e-04
4120.00 3.618350e-04
4130.00 3.714650e-04
4140.00 3.810450e-04
4150.00 3.811550e-04
4160.00 3.907960e-04
4170.00 4.003850e-04
4180.00 4.100350e-04
4190.00 4.196910e-04
4200.00 4.292900e-04
4210.00 4.389540e-04
4220.00 4.199880e-04
4230.00 4.105000e-04
4240.00 4.010660e-04
4250.00 3.915720e-04
4260.00 3.821280e-04
4270.00 3.726270e-04
4280.00 3.631730e-04
4290.00 3.536650e-04
4300.00 3.442020e-04
4310.00 4.207490e-04
4320.00 4.208640e-04
4330.00 4.209220e-04
4340.00 4.210370e-04
4350.00 4.115240e-04
4360.00 4.115800e-04
4370.00 4.116920e-04
4380.00 4.117470e-04
4390.00 4.118590e-04
4400.00 4.023350e-04
4410.00 3.736470e-04
4420.00 3.545330e-04
4430.00 3.354590e-04
4440.00 3.163320e-04
4450.00 2.972000e-04
4460.00 2.876510e-04
4470.00 2.685450e-04
4480.00 2.493970e-04
4490.00 2.302430e-04
4500.00 2.111110e-04
4510.00 2.207360e-04
4520.00 2.111670e-04
4530.00 2.111940e-04
4540.00 2.016470e-04
4550.00 1.920700e-04
4560.00 1.920950e-04
4570.00 1.825140e-04
4580.00 1.729300e-04
4590.00 1.729530e-04
4600.00 1.633650e-04
4610.00 1.537760e-04
4620.00 1.537950e-04
4630.00 1.442020e-04
4640.00 1.442200e-04
4650.00 1.442390e-04
4660.00 1.346400e-04
4670.00 1.346740e-04
4680.00 1.250710e-04
4690.00 1.250710e-04
4700.00 1.154640e-04
4710.00 1.251020e-04
4720.00 1.251180e-04
4730.00 1.251180e-04
4740.00 1.251180e-04
4750.00 1.251340e-04
4760.00 1.251340e-04
4770.00 1.251340e-04
4780.00 1.251500e-04
4790.00 1.251660e-04
4800.00 1.251970e-04
4810.00 1.252130e-04
4820.00 1.252280e-04
4830.00 1.252440e-04
4840.00 1.252750e-04
4850.00 1.252750e-04
4860.00 1.252910e-04
4870.00 1.156670e-04
4880.00 1.156820e-04
4890.00 1.156960e-04
4900.00 1.157100e-04
4910.00 1.157250e-04
4920.00 1.157390e-04
4930.00 1.157390e-04
4940.00 1.157530e-04
4950.00 1.157670e-04
4960.00 1.157670e-04
4970.00 1.157820e-04
4980.00 1.157820e-04
4990.00 1.157820e-04
5000.00 1.157960e-04
5010.00 1.157960e-04
5020.00 1.157960e-04
5030.00 1.254610e-04
5040.00 1.351120e-04
5050.00 1.351120e-04
5060.00 1.447800e-04
5070.00 1.447980e-04
5080.00 1.447980e-04
5090.00 1.544700e-04
5100.00 1.641440e-04
5110.00 1.641640e-04
5120.00 1.738210e-04
5130.00 1.835000e-04
5140.00 1.931570e-04
5150.00 1.835220e-04
5160.00 1.738840e-04
5170.00 1.835440e-04
5180.00 2.028640e-04
5190.00 2.125240e-04
5200.00 2.222110e-04
5210.00 2.705180e-04
5220.00 2.608570e-04
5230.00 2.705510e-04
5240.00 2.898760e-04
5250.00 3.188630e-04
5260.00 3.478510e-04
5270.00 3.865010e-04
5280.00 4.154890e-04
5290.00 4.058260e-04
5300.00 4.058260e-04
5310.00 4.831260e-04
5320.00 5.604940e-04
5330.00 6.184760e-04
5340.00 6.861220e-04
5350.00 7.635230e-04
5360.00 8.408420e-04
5370.00 9.279360e-04
5380.00 1.005260e-03
5390.00 1.111720e-03
5400.00 1.295400e-03
5410.00 1.411410e-03
5420.00 1.614610e-03
5430.00 1.827310e-03
5440.00 2.049680e-03
5450.00 2.330340e-03
5460.00 2.610760e-03
5470.00 2.929850e-03
5480.00 3.239270e-03
5490.00 3.751750e-03
5500.00 4.274410e-03
5510.00 5.541260e-03
5520.00 5.135100e-03
5530.00 5.763690e-03
5540.00 6.392280e-03
5550.00 7.243290e-03
5560.00 8.084640e-03
5570.00 9.235440e-03
5580.00 1.039590e-02
5590.00 1.867400e-02
5600.00 2.691980e-02
5610.00 2.490850e-02
5620.00 2.289730e-02
5630.00 3.905500e-02
5640.00 5.521270e-02
5650.00 1.071350e-01
5660.00 1.591600e-01
5670.00 2.398030e-01
5680.00 3.193650e-01
5690.00 3.555910e-01
5700.00 3.934100e-01
5710.00 4.004920e-01
5720.00 4.042120e-01
5730.00 4.066670e-01
5740.00 4.084450e-01
5750.00 4.097000e-01
5760.00 4.123480e-01
5770.00 4.144950e-01
5780.00 4.166610e-01
5790.00 4.185190e-01
5800.00 4.210940e-01
5810.00 4.246750e-01
5820.00 4.282780e-01
5830.00 4.297890e-01
5840.00 4.313010e-01
5850.00 4.315070e-01
5860.00 4.317130e-01
5870.00 4.298330e-01
5880.00 4.265460e-01
5890.00 4.230520e-01
5900.00 4.238060e-01
5910.00 4.317480e-01
5920.00 4.286470e-01
5930.00 4.332750e-01
5940.00 4.336110e-01
5950.00 4.312420e-01
5960.00 4.346130e-01
5970.00 4.335820e-01
5980.00 4.354160e-01
5990.00 4.372970e-01
6000.00 4.391680e-01
6010.00 4.411550e-01
6020.00 4.424910e-01
6030.00 4.439370e-01
6040.00 4.453830e-01
6050.00 4.463460e-01
6060.00 4.465880e-01
6070.00 4.469010e-01
6080.00 4.472250e-01
6090.00 4.478540e-01
6100.00 4.492240e-01
6110.00 4.537030e-01
6120.00 4.524730e-01
6130.00 4.548020e-01
6140.00 4.571320e-01
6150.00 4.576940e-01
6160.00 4.589880e-01
6170.00 4.597430e-01
6180.00 4.612500e-01
6190.00 4.617830e-01
6200.00 4.626320e-01
6210.00 4.625350e-01
6220.00 4.624380e-01
6230.00 4.637030e-01
6240.00 4.642070e-01
6250.00 4.644200e-01
6260.00 4.646240e-01
6270.00 4.637610e-01
6280.00 4.486480e-01
6290.00 4.598010e-01
6300.00 4.623340e-01
6310.00 4.653980e-01
6320.00 4.669400e-01
6330.00 4.699180e-01
6340.00 4.713840e-01
6350.00 4.732030e-01
6360.00 4.757850e-01
6370.00 4.775090e-01
6380.00 4.800050e-01
6390.00 4.809620e-01
6400.00 4.826920e-01
6410.00 4.840860e-01
6420.00 4.854810e-01
6430.00 4.851320e-01
6440.00 4.855450e-01
6450.00 4.853800e-01
6460.00 4.829250e-01
6470.00 4.819030e-01
6480.00 4.808720e-01
6490.00 4.834140e-01
6500.00 4.874840e-01
6510.00 4.916000e-01
6520.00 4.847370e-01
6530.00 4.895850e-01
6540.00 4.906150e-01
6550.00 4.910170e-01
6560.00 4.929660e-01
6570.00 4.942360e-01
6580.00 4.962800e-01
6590.00 4.977710e-01
6600.00 4.984970e-01
6610.00 5.014570e-01
6620.00 5.006570e-01
6630.00 4.992470e-01
6640.00 4.986110e-01
6650.00 4.989130e-01
6660.00 4.999890e-01
6670.00 5.018730e-01
6680.00 5.029820e-01
6690.00 5.063650e-01
6700.00 5.072180e-01
6710.00 5.071310e-01
6720.00 5.078290e-01
6730.00 5.075850e-01
6740.00 5.081180e-01
6750.00 5.075630e-01
6760.00 5.077940e-01
6770.00 5.077450e-01
6780.00 5.084620e-01
6790.00 5.087160e-01
6800.00 5.097450e-01
6810.00 5.115550e-01
6820.00 5.117400e-01
6830.00 5.121470e-01
6840.00 5.117770e-01
6850.00 5.116210e-01
6860.00 5.099030e-01
6870.00 4.370980e-01
6880.00 4.595020e-01
6890.00 4.537290e-01
6900.00 4.648180e-01
6910.00 4.852030e-01
6920.00 4.911130e-01
6930.00 4.939180e-01
6940.00 4.928530e-01
6950.00 4.971980e-01
6960.00 4.992200e-01
6970.00 5.072430e-01
6980.00 5.051950e-01
6990.00 5.000280e-01
7000.00 5.021030e-01
7010.00 5.028670e-01
7020.00 5.067520e-01
7030.00 5.117920e-01
7040.00 5.113410e-01
7050.00 5.057360e-01
7060.00 5.040300e-01
7070.00 5.000610e-01
7080.00 4.953060e-01
7090.00 4.631840e-01
7100.00 4.535300e-01
7110.00 4.608950e-01
7120.00 4.683220e-01
7130.00 4.295040e-01
7140.00 3.915050e-01
7150.00 3.048110e-01
7160.00 2.183160e-01
7170.00 1.450720e-01
7180.00 7.734930e-02
7190.00 6.554820e-02
7200.00 5.376720e-02
7210.00 9.071340e-02
7220.00 7.599470e-03
7230.00 6.271980e-03
7240.00 4.891570e-03
7250.00 3.349530e-03
7260.00 1.795920e-03
7270.00 1.349830e-03
7280.00 8.834000e-04
7290.00 8.258040e-04
7300.00 7.577120e-04
7310.00 9.226470e-04
7320.00 7.585560e-04
7330.00 5.452020e-04
7340.00 3.214540e-04
7350.00 3.019400e-04
7360.00 2.823680e-04
7370.00 2.824290e-04
7380.00 2.825510e-04
7390.00 3.313030e-04
7400.00 3.801870e-04
7410.00 4.582230e-04
7420.00 2.535120e-04
7430.00 2.535660e-04
7440.00 2.438400e-04
7450.00 2.536200e-04
7460.00 2.536200e-04
7470.00 2.536200e-04
7480.00 2.438920e-04
7490.00 3.512040e-04
7500.00 2.926700e-04
7510.00 3.512410e-04
7520.00 3.512410e-04
7530.00 3.512410e-04
7540.00 3.512780e-04
7550.00 3.415210e-04
7560.00 3.415210e-04
7570.00 3.415210e-04
7580.00 3.414840e-04
7590.00 3.105050e-04
7600.00 1.369060e-04
7610.00 1.175780e-04
7620.00 2.175130e-04
7630.00 1.869860e-04
7640.00 1.974890e-04
7650.00 2.379110e-04
7660.00 2.890250e-04
7670.00 3.197310e-04
7680.00 3.305430e-04
7690.00 3.410100e-04
7700.00 3.414120e-04
7710.00 3.415930e-04
7720.00 3.416290e-04
7730.00 3.514270e-04
7740.00 3.514270e-04
7750.00 3.514640e-04
7760.00 3.612260e-04
7770.00 3.612260e-04
7780.00 3.709890e-04
7790.00 3.709890e-04
7800.00 3.709890e-04
7810.00 3.710280e-04
7820.00 3.710280e-04
7830.00 3.710280e-04
7840.00 3.710280e-04
7850.00 3.709890e-04
7860.00 3.709500e-04
7870.00 3.708720e-04
7880.00 3.707940e-04
7890.00 3.706360e-04
7900.00 3.705970e-04
7910.00 3.706360e-04
7920.00 3.706760e-04
7930.00 3.609980e-04
7940.00 3.611500e-04
7950.00 3.610740e-04
7960.00 3.510540e-04
7970.00 3.511290e-04
7980.00 3.708330e-04
7990.00 3.805510e-04
8000.00 3.706760e-04
8010.00 3.706760e-04
8020.00 3.609210e-04
8030.00 3.609600e-04
8040.00 3.512410e-04
8050.00 3.513530e-04
8060.00 3.514270e-04
8070.00 3.611880e-04
8080.00 3.611500e-04
8090.00 3.611120e-04
8100.00 3.610740e-04
8110.00 3.707150e-04
8120.00 3.705970e-04
8130.00 3.703990e-04
8140.00 3.702000e-04
8150.00 3.699180e-04
8160.00 3.598280e-04
8170.00 3.695530e-04
8180.00 3.695940e-04
8190.00 3.794450e-04
8200.00 3.895990e-04
8210.00 3.998550e-04
8220.00 3.897260e-04
8230.00 3.789830e-04
8240.00 3.993390e-04
8250.00 4.096510e-04
8260.00 4.095630e-04
8270.00 4.094760e-04
8280.00 4.090790e-04
8290.00 4.190000e-04
8300.00 4.191360e-04
8310.00 4.289290e-04
8320.00 4.289290e-04
8330.00 4.290210e-04
8340.00 4.291580e-04
8350.00 4.293400e-04
8360.00 4.292950e-04
8370.00 4.292950e-04
8380.00 4.391440e-04
8390.00 4.392370e-04
8400.00 4.392370e-04
8410.00 4.294310e-04
8420.00 4.294760e-04
8430.00 4.393760e-04
8440.00 4.492340e-04
8450.00 4.590480e-04
8460.00 4.688150e-04
8470.00 4.688630e-04
8480.00 4.785810e-04
8490.00 4.883480e-04
8500.00 4.981150e-04
8510.00 4.882970e-04
8520.00 4.882970e-04
8530.00 4.981150e-04
8540.00 4.981150e-04
8550.00 4.981670e-04
8560.00 5.079880e-04
8570.00 5.080410e-04
8580.00 5.178110e-04
8590.00 5.178650e-04
8600.00 5.276360e-04
8610.00 5.276360e-04
8620.00 5.276910e-04
8630.00 5.374630e-04
8640.00 5.374630e-04
8650.00 5.472350e-04
8660.00 5.570070e-04
8670.00 5.570070e-04
8680.00 5.667790e-04
8690.00 5.667790e-04
8700.00 5.765510e-04
8710.00 5.863840e-04
8720.00 5.961570e-04
8730.00 5.961570e-04
8740.00 6.059300e-04
8750.00 6.157040e-04
8760.00 6.254770e-04
8770.00 6.352500e-04
8780.00 6.449560e-04
8790.00 6.547280e-04
8800.00 6.449560e-04
8810.00 6.351840e-04
8820.00 6.254120e-04
8830.00 6.254120e-04
8840.00 6.156400e-04
8850.00 6.058050e-04
8860.00 5.959720e-04
8870.00 5.862630e-04
8880.00 5.862630e-04
8890.00 5.765510e-04
8900.00 5.764920e-04
8910.00 5.764320e-04
8920.00 5.664840e-04
8930.00 5.563080e-04
8940.00 5.560730e-04
8950.00 5.358730e-04
8960.00 5.255010e-04
8970.00 5.150860e-04
8980.00 5.050850e-04
8990.00 4.944720e-04
9000.00 4.946420e-04
9010.00 4.847200e-04
9020.00 4.653320e-04
9030.00 4.862000e-04
9040.00 5.065340e-04
9050.00 5.064790e-04
9060.00 5.059270e-04
9070.00 4.952600e-04
9080.00 4.945850e-04
9090.00 5.042830e-04
9100.00 5.043980e-04
9110.00 5.145660e-04
9120.00 5.240370e-04
9130.00 5.133870e-04
9140.00 5.235580e-04
9150.00 5.433840e-04
9160.00 5.434460e-04
9170.00 5.534010e-04
9180.00 5.633640e-04
9190.00 5.837620e-04
9200.00 6.040100e-04
9210.00 6.038140e-04
9220.00 6.038140e-04
9230.00 5.938810e-04
9240.00 5.739060e-04
9250.00 5.739060e-04
9260.00 5.641790e-04
9270.00 5.538980e-04
9280.00 5.336810e-04
9290.00 5.130880e-04
9300.00 4.824830e-04
9310.00 4.614450e-04
9320.00 4.398130e-04
9330.00 4.187230e-04
9340.00 3.975120e-04
9350.00 3.972610e-04
9360.00 4.171540e-04
9370.00 4.168960e-04
9380.00 4.575180e-04
9390.00 5.596800e-04
9400.00 5.412310e-04
9410.00 5.212080e-04
9420.00 4.905370e-04
9430.00 4.395090e-04
9440.00 4.297140e-04
9450.00 4.404140e-04
9460.00 4.404740e-04
9470.00 4.414150e-04
9480.00 4.515410e-04
9490.00 4.418190e-04
9500.00 4.323820e-04
9510.00 4.431160e-04
9520.00 4.130580e-04
9530.00 4.234770e-04
9540.00 4.436110e-04
9550.00 4.332110e-04
9560.00 4.330470e-04
9570.00 4.738600e-04
9580.00 4.740850e-04
9590.00 4.737470e-04
9600.00 4.833000e-04
9610.00 4.734070e-04
9620.00 4.735780e-04
9630.00 4.941290e-04
9640.00 4.943010e-04
9650.00 4.844970e-04
9660.00 4.845530e-04
9670.00 4.950920e-04
9680.00 5.158820e-04
9690.00 5.261870e-04
9700.00 5.262430e-04
9710.00 5.164980e-04
9720.00 5.163310e-04
9730.00 5.062040e-04
9740.00 4.959790e-04
9750.00 4.957040e-04
9760.00 3.988160e-04
9770.00 3.019070e-04
9780.00 2.044950e-04
9790.00 9.741040e-05
9800.00 0.000000e+00
9810.00 1.658290e-04
9820.00 3.315870e-04
9830.00 4.976440e-04
9840.00 4.979590e-04
9850.00 4.981150e-04
9860.00 4.983750e-04
9870.00 4.886540e-04
9880.00 4.887040e-04
9890.00 4.789300e-04
9900.00 4.789800e-04
9910.00 4.692530e-04
9920.00 4.693010e-04
9930.00 4.595240e-04
9940.00 4.595720e-04
9950.00 4.498400e-04
9960.00 4.498400e-04
9970.00 4.400610e-04
9980.00 4.400150e-04
9990.00 4.302370e-04
10000.00 4.204590e-04
10010.00 4.106390e-04
10020.00 4.007370e-04
10030.00 4.007790e-04
10040.00 3.910440e-04
10050.00 3.813070e-04
10060.00 3.715300e-04
10070.00 3.715300e-04
10080.00 3.616790e-04
10090.00 3.517940e-04
10100.00 3.420570e-04
10110.00 3.323880e-04
10120.00 3.226450e-04
10130.00 3.226780e-04
10140.00 3.129000e-04
10150.00 3.129320e-04
10160.00 3.129320e-04
10170.00 3.031530e-04
10180.00 3.031530e-04
10190.00 2.933440e-04
10200.00 2.933440e-04
10210.00 2.640360e-04
10220.00 2.640090e-04
10230.00 2.542050e-04
10240.00 2.541790e-04
10250.00 2.542310e-04
10260.00 2.542570e-04
10270.00 2.542570e-04
10280.00 2.542570e-04
10290.00 2.445030e-04
10300.00 2.249430e-04
10310.00 2.054040e-04
10320.00 1.956230e-04
10330.00 1.858420e-04
10340.00 1.760600e-04
10350.00 1.662790e-04
10360.00 1.564980e-04
10370.00 1.467170e-04
10380.00 1.369360e-04
10390.00 1.271550e-04
10400.00 1.369360e-04
10410.00 1.369360e-04
10420.00 1.271550e-04
10430.00 1.271550e-04
10440.00 1.173740e-04
10450.00 1.173620e-04
10460.00 1.075810e-04
10470.00 1.075810e-04
10480.00 1.075700e-04
10490.00 9.779130e-05
10500.00 9.779130e-05
10510.00 9.778120e-05
10520.00 9.778120e-05
10530.00 8.800310e-05
10540.00 8.799400e-05
10550.00 8.799400e-05
10560.00 8.798490e-05
10570.00 8.798490e-05
10580.00 7.819270e-05
10590.00 7.819270e-05
10600.00 7.820080e-05
10610.00 7.819270e-05
10620.00 7.818460e-05
10630.00 7.818460e-05
10640.00 6.840440e-05
10650.00 6.839730e-05
10660.00 6.839730e-05
10670.00 6.839730e-05
10680.00 6.838310e-05
10690.00 5.861400e-05
10700.00 5.862020e-05
10710.00 5.861400e-05
10720.00 5.861400e-05
10730.00 5.861400e-05
10740.00 5.861400e-05
10750.00 5.862630e-05
10760.00 5.862020e-05
10770.00 4.884500e-05
10780.00 4.883990e-05
10790.00 4.883990e-05
10800.00 4.881950e-05
10810.00 4.881950e-05
10820.00 4.882970e-05
10830.00 4.881950e-05
10840.00 4.880920e-05
10850.00 4.878350e-05
10860.00 4.878860e-05
10870.00 4.881950e-05
10880.00 4.882460e-05
10890.00 3.903090e-05
10900.00 3.902260e-05
10910.00 3.903090e-05
10920.00 3.901440e-05
10930.00 3.898100e-05
10940.00 3.896840e-05
10950.00 3.897260e-05
10960.00 3.897260e-05
10970.00 3.896840e-05
10980.00 2.916230e-05
10990.00 0.000000e+00
11000.00 0.000000e+00
